{
 "cells": [
  {
   "cell_type": "code",
   "execution_count": 2,
   "metadata": {},
   "outputs": [],
   "source": [
    "from statsmodels.stats.outliers_influence import variance_inflation_factor\n",
    "import pandas as pd\n"
   ]
  },
  {
   "cell_type": "code",
   "execution_count": 57,
   "metadata": {},
   "outputs": [],
   "source": [
    "df = pd.read_csv(r'C:\\Users\\JH\\Desktop\\Final\\Ubion-CorporateBankruptcyAnalysis\\Data\\최종데이터셋\\finaldataset_ver7.6.csv',usecols=['경영자산비율',\n",
    " '부채구성비율','유동비율','자기자본배율', '유형자산회전율',\n",
    "       '총자본순이익률', '자기자본영업이익률', '경영자본영업이익률', '매출액증가율', '총자본투자효율', '영업이익증가율',\n",
    "       '매출채권회수기간'])"
   ]
  },
  {
   "cell_type": "code",
   "execution_count": 58,
   "metadata": {},
   "outputs": [],
   "source": [
    "vif = pd.DataFrame()\n",
    "vif['변수명'] = df.columns \n",
    "vif['VIF'] = [variance_inflation_factor(df.values, i) for i in range(df.shape[1])]"
   ]
  },
  {
   "cell_type": "code",
   "execution_count": 55,
   "metadata": {},
   "outputs": [
    {
     "data": {
      "text/html": [
       "<div>\n",
       "<style scoped>\n",
       "    .dataframe tbody tr th:only-of-type {\n",
       "        vertical-align: middle;\n",
       "    }\n",
       "\n",
       "    .dataframe tbody tr th {\n",
       "        vertical-align: top;\n",
       "    }\n",
       "\n",
       "    .dataframe thead th {\n",
       "        text-align: right;\n",
       "    }\n",
       "</style>\n",
       "<table border=\"1\" class=\"dataframe\">\n",
       "  <thead>\n",
       "    <tr style=\"text-align: right;\">\n",
       "      <th></th>\n",
       "      <th>순운전자본비율</th>\n",
       "      <th>총자본순이익률</th>\n",
       "      <th>자기자본영업이익률</th>\n",
       "      <th>경영자본영업이익률</th>\n",
       "      <th>유형자산회전율</th>\n",
       "      <th>총자본투자효율</th>\n",
       "      <th>매출액증가율</th>\n",
       "      <th>영업이익증가율</th>\n",
       "      <th>부채구성비율</th>\n",
       "      <th>경영자산비율</th>\n",
       "      <th>매출채권회수기간</th>\n",
       "      <th>자기자본배율</th>\n",
       "    </tr>\n",
       "  </thead>\n",
       "  <tbody>\n",
       "    <tr>\n",
       "      <th>순운전자본비율</th>\n",
       "      <td>1.000000</td>\n",
       "      <td>0.301402</td>\n",
       "      <td>0.098491</td>\n",
       "      <td>0.251624</td>\n",
       "      <td>0.005731</td>\n",
       "      <td>0.333326</td>\n",
       "      <td>0.008187</td>\n",
       "      <td>-0.000868</td>\n",
       "      <td>-0.783397</td>\n",
       "      <td>0.208196</td>\n",
       "      <td>0.014360</td>\n",
       "      <td>0.018022</td>\n",
       "    </tr>\n",
       "    <tr>\n",
       "      <th>총자본순이익률</th>\n",
       "      <td>0.301402</td>\n",
       "      <td>1.000000</td>\n",
       "      <td>0.392215</td>\n",
       "      <td>0.669396</td>\n",
       "      <td>0.003442</td>\n",
       "      <td>0.465035</td>\n",
       "      <td>0.011510</td>\n",
       "      <td>0.030641</td>\n",
       "      <td>-0.342960</td>\n",
       "      <td>0.112210</td>\n",
       "      <td>-0.060968</td>\n",
       "      <td>-0.005315</td>\n",
       "    </tr>\n",
       "    <tr>\n",
       "      <th>자기자본영업이익률</th>\n",
       "      <td>0.098491</td>\n",
       "      <td>0.392215</td>\n",
       "      <td>1.000000</td>\n",
       "      <td>0.581420</td>\n",
       "      <td>0.008278</td>\n",
       "      <td>0.216944</td>\n",
       "      <td>0.015660</td>\n",
       "      <td>0.052587</td>\n",
       "      <td>-0.056464</td>\n",
       "      <td>0.115511</td>\n",
       "      <td>-0.035584</td>\n",
       "      <td>-0.008615</td>\n",
       "    </tr>\n",
       "    <tr>\n",
       "      <th>경영자본영업이익률</th>\n",
       "      <td>0.251624</td>\n",
       "      <td>0.669396</td>\n",
       "      <td>0.581420</td>\n",
       "      <td>1.000000</td>\n",
       "      <td>0.044276</td>\n",
       "      <td>0.345490</td>\n",
       "      <td>0.022335</td>\n",
       "      <td>0.077697</td>\n",
       "      <td>-0.248958</td>\n",
       "      <td>0.127190</td>\n",
       "      <td>-0.058923</td>\n",
       "      <td>-0.013868</td>\n",
       "    </tr>\n",
       "    <tr>\n",
       "      <th>유형자산회전율</th>\n",
       "      <td>0.005731</td>\n",
       "      <td>0.003442</td>\n",
       "      <td>0.008278</td>\n",
       "      <td>0.044276</td>\n",
       "      <td>1.000000</td>\n",
       "      <td>-0.001709</td>\n",
       "      <td>0.003374</td>\n",
       "      <td>0.009514</td>\n",
       "      <td>-0.005580</td>\n",
       "      <td>-0.045293</td>\n",
       "      <td>0.004466</td>\n",
       "      <td>-0.000496</td>\n",
       "    </tr>\n",
       "    <tr>\n",
       "      <th>총자본투자효율</th>\n",
       "      <td>0.333326</td>\n",
       "      <td>0.465035</td>\n",
       "      <td>0.216944</td>\n",
       "      <td>0.345490</td>\n",
       "      <td>-0.001709</td>\n",
       "      <td>1.000000</td>\n",
       "      <td>0.003785</td>\n",
       "      <td>0.014694</td>\n",
       "      <td>-0.354001</td>\n",
       "      <td>0.082054</td>\n",
       "      <td>-0.023852</td>\n",
       "      <td>-0.004598</td>\n",
       "    </tr>\n",
       "    <tr>\n",
       "      <th>매출액증가율</th>\n",
       "      <td>0.008187</td>\n",
       "      <td>0.011510</td>\n",
       "      <td>0.015660</td>\n",
       "      <td>0.022335</td>\n",
       "      <td>0.003374</td>\n",
       "      <td>0.003785</td>\n",
       "      <td>1.000000</td>\n",
       "      <td>0.004723</td>\n",
       "      <td>-0.004174</td>\n",
       "      <td>-0.001332</td>\n",
       "      <td>-0.002466</td>\n",
       "      <td>-0.000392</td>\n",
       "    </tr>\n",
       "    <tr>\n",
       "      <th>영업이익증가율</th>\n",
       "      <td>-0.000868</td>\n",
       "      <td>0.030641</td>\n",
       "      <td>0.052587</td>\n",
       "      <td>0.077697</td>\n",
       "      <td>0.009514</td>\n",
       "      <td>0.014694</td>\n",
       "      <td>0.004723</td>\n",
       "      <td>1.000000</td>\n",
       "      <td>0.005492</td>\n",
       "      <td>0.007949</td>\n",
       "      <td>-0.005059</td>\n",
       "      <td>-0.000846</td>\n",
       "    </tr>\n",
       "    <tr>\n",
       "      <th>부채구성비율</th>\n",
       "      <td>-0.783397</td>\n",
       "      <td>-0.342960</td>\n",
       "      <td>-0.056464</td>\n",
       "      <td>-0.248958</td>\n",
       "      <td>-0.005580</td>\n",
       "      <td>-0.354001</td>\n",
       "      <td>-0.004174</td>\n",
       "      <td>0.005492</td>\n",
       "      <td>1.000000</td>\n",
       "      <td>0.132711</td>\n",
       "      <td>0.001930</td>\n",
       "      <td>-0.012925</td>\n",
       "    </tr>\n",
       "    <tr>\n",
       "      <th>경영자산비율</th>\n",
       "      <td>0.208196</td>\n",
       "      <td>0.112210</td>\n",
       "      <td>0.115511</td>\n",
       "      <td>0.127190</td>\n",
       "      <td>-0.045293</td>\n",
       "      <td>0.082054</td>\n",
       "      <td>-0.001332</td>\n",
       "      <td>0.007949</td>\n",
       "      <td>0.132711</td>\n",
       "      <td>1.000000</td>\n",
       "      <td>-0.017241</td>\n",
       "      <td>0.010458</td>\n",
       "    </tr>\n",
       "    <tr>\n",
       "      <th>매출채권회수기간</th>\n",
       "      <td>0.014360</td>\n",
       "      <td>-0.060968</td>\n",
       "      <td>-0.035584</td>\n",
       "      <td>-0.058923</td>\n",
       "      <td>0.004466</td>\n",
       "      <td>-0.023852</td>\n",
       "      <td>-0.002466</td>\n",
       "      <td>-0.005059</td>\n",
       "      <td>0.001930</td>\n",
       "      <td>-0.017241</td>\n",
       "      <td>1.000000</td>\n",
       "      <td>-0.002558</td>\n",
       "    </tr>\n",
       "    <tr>\n",
       "      <th>자기자본배율</th>\n",
       "      <td>0.018022</td>\n",
       "      <td>-0.005315</td>\n",
       "      <td>-0.008615</td>\n",
       "      <td>-0.013868</td>\n",
       "      <td>-0.000496</td>\n",
       "      <td>-0.004598</td>\n",
       "      <td>-0.000392</td>\n",
       "      <td>-0.000846</td>\n",
       "      <td>-0.012925</td>\n",
       "      <td>0.010458</td>\n",
       "      <td>-0.002558</td>\n",
       "      <td>1.000000</td>\n",
       "    </tr>\n",
       "  </tbody>\n",
       "</table>\n",
       "</div>"
      ],
      "text/plain": [
       "            순운전자본비율   총자본순이익률  자기자본영업이익률  경영자본영업이익률   유형자산회전율   총자본투자효율  \\\n",
       "순운전자본비율    1.000000  0.301402   0.098491   0.251624  0.005731  0.333326   \n",
       "총자본순이익률    0.301402  1.000000   0.392215   0.669396  0.003442  0.465035   \n",
       "자기자본영업이익률  0.098491  0.392215   1.000000   0.581420  0.008278  0.216944   \n",
       "경영자본영업이익률  0.251624  0.669396   0.581420   1.000000  0.044276  0.345490   \n",
       "유형자산회전율    0.005731  0.003442   0.008278   0.044276  1.000000 -0.001709   \n",
       "총자본투자효율    0.333326  0.465035   0.216944   0.345490 -0.001709  1.000000   \n",
       "매출액증가율     0.008187  0.011510   0.015660   0.022335  0.003374  0.003785   \n",
       "영업이익증가율   -0.000868  0.030641   0.052587   0.077697  0.009514  0.014694   \n",
       "부채구성비율    -0.783397 -0.342960  -0.056464  -0.248958 -0.005580 -0.354001   \n",
       "경영자산비율     0.208196  0.112210   0.115511   0.127190 -0.045293  0.082054   \n",
       "매출채권회수기간   0.014360 -0.060968  -0.035584  -0.058923  0.004466 -0.023852   \n",
       "자기자본배율     0.018022 -0.005315  -0.008615  -0.013868 -0.000496 -0.004598   \n",
       "\n",
       "             매출액증가율   영업이익증가율    부채구성비율    경영자산비율  매출채권회수기간    자기자본배율  \n",
       "순운전자본비율    0.008187 -0.000868 -0.783397  0.208196  0.014360  0.018022  \n",
       "총자본순이익률    0.011510  0.030641 -0.342960  0.112210 -0.060968 -0.005315  \n",
       "자기자본영업이익률  0.015660  0.052587 -0.056464  0.115511 -0.035584 -0.008615  \n",
       "경영자본영업이익률  0.022335  0.077697 -0.248958  0.127190 -0.058923 -0.013868  \n",
       "유형자산회전율    0.003374  0.009514 -0.005580 -0.045293  0.004466 -0.000496  \n",
       "총자본투자효율    0.003785  0.014694 -0.354001  0.082054 -0.023852 -0.004598  \n",
       "매출액증가율     1.000000  0.004723 -0.004174 -0.001332 -0.002466 -0.000392  \n",
       "영업이익증가율    0.004723  1.000000  0.005492  0.007949 -0.005059 -0.000846  \n",
       "부채구성비율    -0.004174  0.005492  1.000000  0.132711  0.001930 -0.012925  \n",
       "경영자산비율    -0.001332  0.007949  0.132711  1.000000 -0.017241  0.010458  \n",
       "매출채권회수기간  -0.002466 -0.005059  0.001930 -0.017241  1.000000 -0.002558  \n",
       "자기자본배율    -0.000392 -0.000846 -0.012925  0.010458 -0.002558  1.000000  "
      ]
     },
     "execution_count": 55,
     "metadata": {},
     "output_type": "execute_result"
    }
   ],
   "source": [
    "df.corr()"
   ]
  },
  {
   "cell_type": "code",
   "execution_count": 56,
   "metadata": {},
   "outputs": [
    {
     "data": {
      "text/html": [
       "<div>\n",
       "<style scoped>\n",
       "    .dataframe tbody tr th:only-of-type {\n",
       "        vertical-align: middle;\n",
       "    }\n",
       "\n",
       "    .dataframe tbody tr th {\n",
       "        vertical-align: top;\n",
       "    }\n",
       "\n",
       "    .dataframe thead th {\n",
       "        text-align: right;\n",
       "    }\n",
       "</style>\n",
       "<table border=\"1\" class=\"dataframe\">\n",
       "  <thead>\n",
       "    <tr style=\"text-align: right;\">\n",
       "      <th></th>\n",
       "      <th>변수명</th>\n",
       "      <th>VIF</th>\n",
       "    </tr>\n",
       "  </thead>\n",
       "  <tbody>\n",
       "    <tr>\n",
       "      <th>0</th>\n",
       "      <td>순운전자본비율</td>\n",
       "      <td>4.513115</td>\n",
       "    </tr>\n",
       "    <tr>\n",
       "      <th>1</th>\n",
       "      <td>총자본순이익률</td>\n",
       "      <td>2.120685</td>\n",
       "    </tr>\n",
       "    <tr>\n",
       "      <th>2</th>\n",
       "      <td>자기자본영업이익률</td>\n",
       "      <td>1.566780</td>\n",
       "    </tr>\n",
       "    <tr>\n",
       "      <th>3</th>\n",
       "      <td>경영자본영업이익률</td>\n",
       "      <td>2.441479</td>\n",
       "    </tr>\n",
       "    <tr>\n",
       "      <th>4</th>\n",
       "      <td>유형자산회전율</td>\n",
       "      <td>1.006775</td>\n",
       "    </tr>\n",
       "    <tr>\n",
       "      <th>5</th>\n",
       "      <td>총자본투자효율</td>\n",
       "      <td>1.386913</td>\n",
       "    </tr>\n",
       "    <tr>\n",
       "      <th>6</th>\n",
       "      <td>매출액증가율</td>\n",
       "      <td>1.001103</td>\n",
       "    </tr>\n",
       "    <tr>\n",
       "      <th>7</th>\n",
       "      <td>영업이익증가율</td>\n",
       "      <td>1.011786</td>\n",
       "    </tr>\n",
       "    <tr>\n",
       "      <th>8</th>\n",
       "      <td>부채구성비율</td>\n",
       "      <td>9.512632</td>\n",
       "    </tr>\n",
       "    <tr>\n",
       "      <th>9</th>\n",
       "      <td>경영자산비율</td>\n",
       "      <td>12.430510</td>\n",
       "    </tr>\n",
       "    <tr>\n",
       "      <th>10</th>\n",
       "      <td>매출채권회수기간</td>\n",
       "      <td>1.073692</td>\n",
       "    </tr>\n",
       "    <tr>\n",
       "      <th>11</th>\n",
       "      <td>자기자본배율</td>\n",
       "      <td>1.001614</td>\n",
       "    </tr>\n",
       "  </tbody>\n",
       "</table>\n",
       "</div>"
      ],
      "text/plain": [
       "          변수명        VIF\n",
       "0     순운전자본비율   4.513115\n",
       "1     총자본순이익률   2.120685\n",
       "2   자기자본영업이익률   1.566780\n",
       "3   경영자본영업이익률   2.441479\n",
       "4     유형자산회전율   1.006775\n",
       "5     총자본투자효율   1.386913\n",
       "6      매출액증가율   1.001103\n",
       "7     영업이익증가율   1.011786\n",
       "8      부채구성비율   9.512632\n",
       "9      경영자산비율  12.430510\n",
       "10   매출채권회수기간   1.073692\n",
       "11     자기자본배율   1.001614"
      ]
     },
     "execution_count": 56,
     "metadata": {},
     "output_type": "execute_result"
    }
   ],
   "source": [
    "vif"
   ]
  },
  {
   "cell_type": "code",
   "execution_count": 59,
   "metadata": {},
   "outputs": [
    {
     "data": {
      "text/html": [
       "<div>\n",
       "<style scoped>\n",
       "    .dataframe tbody tr th:only-of-type {\n",
       "        vertical-align: middle;\n",
       "    }\n",
       "\n",
       "    .dataframe tbody tr th {\n",
       "        vertical-align: top;\n",
       "    }\n",
       "\n",
       "    .dataframe thead th {\n",
       "        text-align: right;\n",
       "    }\n",
       "</style>\n",
       "<table border=\"1\" class=\"dataframe\">\n",
       "  <thead>\n",
       "    <tr style=\"text-align: right;\">\n",
       "      <th></th>\n",
       "      <th>변수명</th>\n",
       "      <th>VIF</th>\n",
       "    </tr>\n",
       "  </thead>\n",
       "  <tbody>\n",
       "    <tr>\n",
       "      <th>0</th>\n",
       "      <td>유동비율</td>\n",
       "      <td>1.001513</td>\n",
       "    </tr>\n",
       "    <tr>\n",
       "      <th>1</th>\n",
       "      <td>총자본순이익률</td>\n",
       "      <td>2.110366</td>\n",
       "    </tr>\n",
       "    <tr>\n",
       "      <th>2</th>\n",
       "      <td>자기자본영업이익률</td>\n",
       "      <td>1.566097</td>\n",
       "    </tr>\n",
       "    <tr>\n",
       "      <th>3</th>\n",
       "      <td>경영자본영업이익률</td>\n",
       "      <td>2.439884</td>\n",
       "    </tr>\n",
       "    <tr>\n",
       "      <th>4</th>\n",
       "      <td>유형자산회전율</td>\n",
       "      <td>1.005665</td>\n",
       "    </tr>\n",
       "    <tr>\n",
       "      <th>5</th>\n",
       "      <td>총자본투자효율</td>\n",
       "      <td>1.383659</td>\n",
       "    </tr>\n",
       "    <tr>\n",
       "      <th>6</th>\n",
       "      <td>매출액증가율</td>\n",
       "      <td>1.001002</td>\n",
       "    </tr>\n",
       "    <tr>\n",
       "      <th>7</th>\n",
       "      <td>영업이익증가율</td>\n",
       "      <td>1.011786</td>\n",
       "    </tr>\n",
       "    <tr>\n",
       "      <th>8</th>\n",
       "      <td>부채구성비율</td>\n",
       "      <td>3.323548</td>\n",
       "    </tr>\n",
       "    <tr>\n",
       "      <th>9</th>\n",
       "      <td>경영자산비율</td>\n",
       "      <td>3.376396</td>\n",
       "    </tr>\n",
       "    <tr>\n",
       "      <th>10</th>\n",
       "      <td>매출채권회수기간</td>\n",
       "      <td>1.071314</td>\n",
       "    </tr>\n",
       "    <tr>\n",
       "      <th>11</th>\n",
       "      <td>자기자본배율</td>\n",
       "      <td>1.001550</td>\n",
       "    </tr>\n",
       "  </tbody>\n",
       "</table>\n",
       "</div>"
      ],
      "text/plain": [
       "          변수명       VIF\n",
       "0        유동비율  1.001513\n",
       "1     총자본순이익률  2.110366\n",
       "2   자기자본영업이익률  1.566097\n",
       "3   경영자본영업이익률  2.439884\n",
       "4     유형자산회전율  1.005665\n",
       "5     총자본투자효율  1.383659\n",
       "6      매출액증가율  1.001002\n",
       "7     영업이익증가율  1.011786\n",
       "8      부채구성비율  3.323548\n",
       "9      경영자산비율  3.376396\n",
       "10   매출채권회수기간  1.071314\n",
       "11     자기자본배율  1.001550"
      ]
     },
     "execution_count": 59,
     "metadata": {},
     "output_type": "execute_result"
    }
   ],
   "source": [
    "vif"
   ]
  },
  {
   "cell_type": "code",
   "execution_count": null,
   "metadata": {},
   "outputs": [],
   "source": []
  }
 ],
 "metadata": {
  "interpreter": {
   "hash": "71b59b5ba49ad06bb2a011e750699e3983d230921f30bf7f37eb3a01ae69aa26"
  },
  "kernelspec": {
   "display_name": "Python 3.9.6 64-bit",
   "language": "python",
   "name": "python3"
  },
  "language_info": {
   "codemirror_mode": {
    "name": "ipython",
    "version": 3
   },
   "file_extension": ".py",
   "mimetype": "text/x-python",
   "name": "python",
   "nbconvert_exporter": "python",
   "pygments_lexer": "ipython3",
   "version": "3.9.6"
  },
  "orig_nbformat": 4
 },
 "nbformat": 4,
 "nbformat_minor": 2
}
