{
 "cells": [
  {
   "cell_type": "markdown",
   "metadata": {},
   "source": [
    "# **라이브러리**"
   ]
  },
  {
   "cell_type": "code",
   "execution_count": 100,
   "metadata": {},
   "outputs": [],
   "source": [
    "import pandas as pd\n",
    "import numpy as np\n",
    "\n",
    "from imblearn.under_sampling import *\n",
    "from sklearn.model_selection import train_test_split\n",
    "\n",
    "from sklearn.linear_model import LogisticRegression\n",
    "from sklearn.tree import DecisionTreeClassifier\n",
    "from sklearn.ensemble import RandomForestClassifier\n",
    "from sklearn.ensemble import AdaBoostClassifier\n",
    "from sklearn.neighbors import KNeighborsClassifier\n",
    "from sklearn.svm import SVC\n",
    "from lightgbm import LGBMClassifier\n",
    "\n",
    "from sklearn.metrics import confusion_matrix, ConfusionMatrixDisplay\n",
    "from sklearn.metrics import plot_confusion_matrix\n",
    "\n",
    "import warnings\n",
    "warnings.filterwarnings(action='ignore')"
   ]
  },
  {
   "cell_type": "code",
   "execution_count": 45,
   "metadata": {},
   "outputs": [],
   "source": [
    "dataset = pd.read_csv(r'C:\\Users\\JH\\Desktop\\Final\\Ubion-CorporateBankruptcyAnalysis\\Data\\최종데이터셋\\Finaldataset_ver7.csv')"
   ]
  },
  {
   "cell_type": "code",
   "execution_count": 46,
   "metadata": {},
   "outputs": [
    {
     "data": {
      "text/plain": [
       "Index(['회사명', '거래소코드', '회계년도', '소속코드', '상장폐지일', '감사의견코드', '자기자본배당률',\n",
       "       '금융비용 대 부채비율', '자기자본배율', '유동부채비율', '매입채무회전률', '유동자산회전률', '총자본투자효율',\n",
       "       '순운전자본비율', '누적수익성비율', '총자산영업이익률', '총자산회전율', '년', 'key', '부도', '공시발생일',\n",
       "       '정기공시제목', '수시공시제목', '대표이사 변경', '최대주주 변경', '회계처리위반', '횡령배임', '폐지사유요약합본',\n",
       "       '신종채권'],\n",
       "      dtype='object')"
      ]
     },
     "execution_count": 46,
     "metadata": {},
     "output_type": "execute_result"
    }
   ],
   "source": [
    "dataset.columns"
   ]
  },
  {
   "cell_type": "code",
   "execution_count": 47,
   "metadata": {},
   "outputs": [],
   "source": [
    "drop_feature = ['회사명', '거래소코드', '회계년도', '소속코드', '상장폐지일', '감사의견코드', '년', 'key','공시발생일', '정기공시제목', '수시공시제목','폐지사유요약합본', '부도']\n",
    "text_col = ['대표이사 변경', '최대주주 변경', '회계처리위반', '횡령배임','신종채권']"
   ]
  },
  {
   "cell_type": "code",
   "execution_count": 167,
   "metadata": {},
   "outputs": [
    {
     "data": {
      "text/html": [
       "<div>\n",
       "<style scoped>\n",
       "    .dataframe tbody tr th:only-of-type {\n",
       "        vertical-align: middle;\n",
       "    }\n",
       "\n",
       "    .dataframe tbody tr th {\n",
       "        vertical-align: top;\n",
       "    }\n",
       "\n",
       "    .dataframe thead th {\n",
       "        text-align: right;\n",
       "    }\n",
       "</style>\n",
       "<table border=\"1\" class=\"dataframe\">\n",
       "  <thead>\n",
       "    <tr style=\"text-align: right;\">\n",
       "      <th></th>\n",
       "      <th>자기자본배당률</th>\n",
       "      <th>금융비용 대 부채비율</th>\n",
       "      <th>자기자본배율</th>\n",
       "      <th>유동부채비율</th>\n",
       "      <th>매입채무회전률</th>\n",
       "      <th>유동자산회전률</th>\n",
       "      <th>총자본투자효율</th>\n",
       "      <th>순운전자본비율</th>\n",
       "      <th>누적수익성비율</th>\n",
       "      <th>총자산영업이익률</th>\n",
       "      <th>총자산회전율</th>\n",
       "      <th>대표이사 변경</th>\n",
       "      <th>최대주주 변경</th>\n",
       "      <th>회계처리위반</th>\n",
       "      <th>횡령배임</th>\n",
       "      <th>신종채권</th>\n",
       "    </tr>\n",
       "  </thead>\n",
       "  <tbody>\n",
       "    <tr>\n",
       "      <th>자기자본배당률</th>\n",
       "      <td>1.000000</td>\n",
       "      <td>-0.020700</td>\n",
       "      <td>-0.000570</td>\n",
       "      <td>-0.003388</td>\n",
       "      <td>0.000262</td>\n",
       "      <td>0.007070</td>\n",
       "      <td>0.010604</td>\n",
       "      <td>0.021709</td>\n",
       "      <td>0.021878</td>\n",
       "      <td>0.018576</td>\n",
       "      <td>0.016965</td>\n",
       "      <td>-0.011808</td>\n",
       "      <td>-0.010926</td>\n",
       "      <td>0.000025</td>\n",
       "      <td>-0.004019</td>\n",
       "      <td>-0.014904</td>\n",
       "    </tr>\n",
       "    <tr>\n",
       "      <th>금융비용 대 부채비율</th>\n",
       "      <td>-0.020700</td>\n",
       "      <td>1.000000</td>\n",
       "      <td>-0.002963</td>\n",
       "      <td>0.026849</td>\n",
       "      <td>-0.005203</td>\n",
       "      <td>-0.041732</td>\n",
       "      <td>-0.100294</td>\n",
       "      <td>-0.178712</td>\n",
       "      <td>-0.257706</td>\n",
       "      <td>-0.148333</td>\n",
       "      <td>-0.095196</td>\n",
       "      <td>0.167698</td>\n",
       "      <td>0.161005</td>\n",
       "      <td>0.027280</td>\n",
       "      <td>0.072014</td>\n",
       "      <td>0.198657</td>\n",
       "    </tr>\n",
       "    <tr>\n",
       "      <th>자기자본배율</th>\n",
       "      <td>-0.000570</td>\n",
       "      <td>-0.002963</td>\n",
       "      <td>1.000000</td>\n",
       "      <td>-0.002079</td>\n",
       "      <td>-0.000014</td>\n",
       "      <td>-0.017098</td>\n",
       "      <td>-0.004975</td>\n",
       "      <td>0.028683</td>\n",
       "      <td>-0.010584</td>\n",
       "      <td>-0.005630</td>\n",
       "      <td>-0.018408</td>\n",
       "      <td>-0.001313</td>\n",
       "      <td>-0.005008</td>\n",
       "      <td>-0.002124</td>\n",
       "      <td>-0.001978</td>\n",
       "      <td>-0.006233</td>\n",
       "    </tr>\n",
       "    <tr>\n",
       "      <th>유동부채비율</th>\n",
       "      <td>-0.003388</td>\n",
       "      <td>0.026849</td>\n",
       "      <td>-0.002079</td>\n",
       "      <td>1.000000</td>\n",
       "      <td>-0.001720</td>\n",
       "      <td>0.014019</td>\n",
       "      <td>-0.023679</td>\n",
       "      <td>-0.089369</td>\n",
       "      <td>-0.046215</td>\n",
       "      <td>-0.040408</td>\n",
       "      <td>0.013819</td>\n",
       "      <td>0.009121</td>\n",
       "      <td>0.007590</td>\n",
       "      <td>0.002342</td>\n",
       "      <td>0.006874</td>\n",
       "      <td>0.006394</td>\n",
       "    </tr>\n",
       "    <tr>\n",
       "      <th>매입채무회전률</th>\n",
       "      <td>0.000262</td>\n",
       "      <td>-0.005203</td>\n",
       "      <td>-0.000014</td>\n",
       "      <td>-0.001720</td>\n",
       "      <td>1.000000</td>\n",
       "      <td>0.066314</td>\n",
       "      <td>0.004621</td>\n",
       "      <td>0.001570</td>\n",
       "      <td>0.004255</td>\n",
       "      <td>0.004253</td>\n",
       "      <td>0.028498</td>\n",
       "      <td>-0.002407</td>\n",
       "      <td>-0.002632</td>\n",
       "      <td>-0.002130</td>\n",
       "      <td>-0.001310</td>\n",
       "      <td>-0.004811</td>\n",
       "    </tr>\n",
       "    <tr>\n",
       "      <th>유동자산회전률</th>\n",
       "      <td>0.007070</td>\n",
       "      <td>-0.041732</td>\n",
       "      <td>-0.017098</td>\n",
       "      <td>0.014019</td>\n",
       "      <td>0.066314</td>\n",
       "      <td>1.000000</td>\n",
       "      <td>0.108279</td>\n",
       "      <td>-0.259727</td>\n",
       "      <td>0.085256</td>\n",
       "      <td>0.119613</td>\n",
       "      <td>0.605795</td>\n",
       "      <td>-0.072685</td>\n",
       "      <td>-0.079709</td>\n",
       "      <td>0.001486</td>\n",
       "      <td>-0.028796</td>\n",
       "      <td>-0.101919</td>\n",
       "    </tr>\n",
       "    <tr>\n",
       "      <th>총자본투자효율</th>\n",
       "      <td>0.010604</td>\n",
       "      <td>-0.100294</td>\n",
       "      <td>-0.004975</td>\n",
       "      <td>-0.023679</td>\n",
       "      <td>0.004621</td>\n",
       "      <td>0.108279</td>\n",
       "      <td>1.000000</td>\n",
       "      <td>0.316574</td>\n",
       "      <td>0.526173</td>\n",
       "      <td>0.556852</td>\n",
       "      <td>0.064893</td>\n",
       "      <td>-0.159148</td>\n",
       "      <td>-0.121416</td>\n",
       "      <td>-0.027731</td>\n",
       "      <td>-0.075026</td>\n",
       "      <td>-0.088451</td>\n",
       "    </tr>\n",
       "    <tr>\n",
       "      <th>순운전자본비율</th>\n",
       "      <td>0.021709</td>\n",
       "      <td>-0.178712</td>\n",
       "      <td>0.028683</td>\n",
       "      <td>-0.089369</td>\n",
       "      <td>0.001570</td>\n",
       "      <td>-0.259727</td>\n",
       "      <td>0.316574</td>\n",
       "      <td>1.000000</td>\n",
       "      <td>0.487746</td>\n",
       "      <td>0.386045</td>\n",
       "      <td>-0.084226</td>\n",
       "      <td>-0.119575</td>\n",
       "      <td>-0.081410</td>\n",
       "      <td>-0.039519</td>\n",
       "      <td>-0.060288</td>\n",
       "      <td>-0.103574</td>\n",
       "    </tr>\n",
       "    <tr>\n",
       "      <th>누적수익성비율</th>\n",
       "      <td>0.021878</td>\n",
       "      <td>-0.257706</td>\n",
       "      <td>-0.010584</td>\n",
       "      <td>-0.046215</td>\n",
       "      <td>0.004255</td>\n",
       "      <td>0.085256</td>\n",
       "      <td>0.526173</td>\n",
       "      <td>0.487746</td>\n",
       "      <td>1.000000</td>\n",
       "      <td>0.642769</td>\n",
       "      <td>0.023528</td>\n",
       "      <td>-0.254571</td>\n",
       "      <td>-0.203486</td>\n",
       "      <td>-0.067589</td>\n",
       "      <td>-0.152911</td>\n",
       "      <td>-0.164466</td>\n",
       "    </tr>\n",
       "    <tr>\n",
       "      <th>총자산영업이익률</th>\n",
       "      <td>0.018576</td>\n",
       "      <td>-0.148333</td>\n",
       "      <td>-0.005630</td>\n",
       "      <td>-0.040408</td>\n",
       "      <td>0.004253</td>\n",
       "      <td>0.119613</td>\n",
       "      <td>0.556852</td>\n",
       "      <td>0.386045</td>\n",
       "      <td>0.642769</td>\n",
       "      <td>1.000000</td>\n",
       "      <td>0.073868</td>\n",
       "      <td>-0.196869</td>\n",
       "      <td>-0.122579</td>\n",
       "      <td>-0.026376</td>\n",
       "      <td>-0.059269</td>\n",
       "      <td>-0.104060</td>\n",
       "    </tr>\n",
       "    <tr>\n",
       "      <th>총자산회전율</th>\n",
       "      <td>0.016965</td>\n",
       "      <td>-0.095196</td>\n",
       "      <td>-0.018408</td>\n",
       "      <td>0.013819</td>\n",
       "      <td>0.028498</td>\n",
       "      <td>0.605795</td>\n",
       "      <td>0.064893</td>\n",
       "      <td>-0.084226</td>\n",
       "      <td>0.023528</td>\n",
       "      <td>0.073868</td>\n",
       "      <td>1.000000</td>\n",
       "      <td>-0.102035</td>\n",
       "      <td>-0.099203</td>\n",
       "      <td>0.000886</td>\n",
       "      <td>-0.030184</td>\n",
       "      <td>-0.140578</td>\n",
       "    </tr>\n",
       "    <tr>\n",
       "      <th>대표이사 변경</th>\n",
       "      <td>-0.011808</td>\n",
       "      <td>0.167698</td>\n",
       "      <td>-0.001313</td>\n",
       "      <td>0.009121</td>\n",
       "      <td>-0.002407</td>\n",
       "      <td>-0.072685</td>\n",
       "      <td>-0.159148</td>\n",
       "      <td>-0.119575</td>\n",
       "      <td>-0.254571</td>\n",
       "      <td>-0.196869</td>\n",
       "      <td>-0.102035</td>\n",
       "      <td>1.000000</td>\n",
       "      <td>0.422429</td>\n",
       "      <td>0.039886</td>\n",
       "      <td>0.234353</td>\n",
       "      <td>0.209821</td>\n",
       "    </tr>\n",
       "    <tr>\n",
       "      <th>최대주주 변경</th>\n",
       "      <td>-0.010926</td>\n",
       "      <td>0.161005</td>\n",
       "      <td>-0.005008</td>\n",
       "      <td>0.007590</td>\n",
       "      <td>-0.002632</td>\n",
       "      <td>-0.079709</td>\n",
       "      <td>-0.121416</td>\n",
       "      <td>-0.081410</td>\n",
       "      <td>-0.203486</td>\n",
       "      <td>-0.122579</td>\n",
       "      <td>-0.099203</td>\n",
       "      <td>0.422429</td>\n",
       "      <td>1.000000</td>\n",
       "      <td>0.015554</td>\n",
       "      <td>0.184484</td>\n",
       "      <td>0.246020</td>\n",
       "    </tr>\n",
       "    <tr>\n",
       "      <th>회계처리위반</th>\n",
       "      <td>0.000025</td>\n",
       "      <td>0.027280</td>\n",
       "      <td>-0.002124</td>\n",
       "      <td>0.002342</td>\n",
       "      <td>-0.002130</td>\n",
       "      <td>0.001486</td>\n",
       "      <td>-0.027731</td>\n",
       "      <td>-0.039519</td>\n",
       "      <td>-0.067589</td>\n",
       "      <td>-0.026376</td>\n",
       "      <td>0.000886</td>\n",
       "      <td>0.039886</td>\n",
       "      <td>0.015554</td>\n",
       "      <td>1.000000</td>\n",
       "      <td>0.026035</td>\n",
       "      <td>0.020611</td>\n",
       "    </tr>\n",
       "    <tr>\n",
       "      <th>횡령배임</th>\n",
       "      <td>-0.004019</td>\n",
       "      <td>0.072014</td>\n",
       "      <td>-0.001978</td>\n",
       "      <td>0.006874</td>\n",
       "      <td>-0.001310</td>\n",
       "      <td>-0.028796</td>\n",
       "      <td>-0.075026</td>\n",
       "      <td>-0.060288</td>\n",
       "      <td>-0.152911</td>\n",
       "      <td>-0.059269</td>\n",
       "      <td>-0.030184</td>\n",
       "      <td>0.234353</td>\n",
       "      <td>0.184484</td>\n",
       "      <td>0.026035</td>\n",
       "      <td>1.000000</td>\n",
       "      <td>0.077680</td>\n",
       "    </tr>\n",
       "    <tr>\n",
       "      <th>신종채권</th>\n",
       "      <td>-0.014904</td>\n",
       "      <td>0.198657</td>\n",
       "      <td>-0.006233</td>\n",
       "      <td>0.006394</td>\n",
       "      <td>-0.004811</td>\n",
       "      <td>-0.101919</td>\n",
       "      <td>-0.088451</td>\n",
       "      <td>-0.103574</td>\n",
       "      <td>-0.164466</td>\n",
       "      <td>-0.104060</td>\n",
       "      <td>-0.140578</td>\n",
       "      <td>0.209821</td>\n",
       "      <td>0.246020</td>\n",
       "      <td>0.020611</td>\n",
       "      <td>0.077680</td>\n",
       "      <td>1.000000</td>\n",
       "    </tr>\n",
       "  </tbody>\n",
       "</table>\n",
       "</div>"
      ],
      "text/plain": [
       "              자기자본배당률  금융비용 대 부채비율    자기자본배율    유동부채비율   매입채무회전률   유동자산회전률  \\\n",
       "자기자본배당률      1.000000    -0.020700 -0.000570 -0.003388  0.000262  0.007070   \n",
       "금융비용 대 부채비율 -0.020700     1.000000 -0.002963  0.026849 -0.005203 -0.041732   \n",
       "자기자본배율      -0.000570    -0.002963  1.000000 -0.002079 -0.000014 -0.017098   \n",
       "유동부채비율      -0.003388     0.026849 -0.002079  1.000000 -0.001720  0.014019   \n",
       "매입채무회전률      0.000262    -0.005203 -0.000014 -0.001720  1.000000  0.066314   \n",
       "유동자산회전률      0.007070    -0.041732 -0.017098  0.014019  0.066314  1.000000   \n",
       "총자본투자효율      0.010604    -0.100294 -0.004975 -0.023679  0.004621  0.108279   \n",
       "순운전자본비율      0.021709    -0.178712  0.028683 -0.089369  0.001570 -0.259727   \n",
       "누적수익성비율      0.021878    -0.257706 -0.010584 -0.046215  0.004255  0.085256   \n",
       "총자산영업이익률     0.018576    -0.148333 -0.005630 -0.040408  0.004253  0.119613   \n",
       "총자산회전율       0.016965    -0.095196 -0.018408  0.013819  0.028498  0.605795   \n",
       "대표이사 변경     -0.011808     0.167698 -0.001313  0.009121 -0.002407 -0.072685   \n",
       "최대주주 변경     -0.010926     0.161005 -0.005008  0.007590 -0.002632 -0.079709   \n",
       "회계처리위반       0.000025     0.027280 -0.002124  0.002342 -0.002130  0.001486   \n",
       "횡령배임        -0.004019     0.072014 -0.001978  0.006874 -0.001310 -0.028796   \n",
       "신종채권        -0.014904     0.198657 -0.006233  0.006394 -0.004811 -0.101919   \n",
       "\n",
       "              총자본투자효율   순운전자본비율   누적수익성비율  총자산영업이익률    총자산회전율   대표이사 변경  \\\n",
       "자기자본배당률      0.010604  0.021709  0.021878  0.018576  0.016965 -0.011808   \n",
       "금융비용 대 부채비율 -0.100294 -0.178712 -0.257706 -0.148333 -0.095196  0.167698   \n",
       "자기자본배율      -0.004975  0.028683 -0.010584 -0.005630 -0.018408 -0.001313   \n",
       "유동부채비율      -0.023679 -0.089369 -0.046215 -0.040408  0.013819  0.009121   \n",
       "매입채무회전률      0.004621  0.001570  0.004255  0.004253  0.028498 -0.002407   \n",
       "유동자산회전률      0.108279 -0.259727  0.085256  0.119613  0.605795 -0.072685   \n",
       "총자본투자효율      1.000000  0.316574  0.526173  0.556852  0.064893 -0.159148   \n",
       "순운전자본비율      0.316574  1.000000  0.487746  0.386045 -0.084226 -0.119575   \n",
       "누적수익성비율      0.526173  0.487746  1.000000  0.642769  0.023528 -0.254571   \n",
       "총자산영업이익률     0.556852  0.386045  0.642769  1.000000  0.073868 -0.196869   \n",
       "총자산회전율       0.064893 -0.084226  0.023528  0.073868  1.000000 -0.102035   \n",
       "대표이사 변경     -0.159148 -0.119575 -0.254571 -0.196869 -0.102035  1.000000   \n",
       "최대주주 변경     -0.121416 -0.081410 -0.203486 -0.122579 -0.099203  0.422429   \n",
       "회계처리위반      -0.027731 -0.039519 -0.067589 -0.026376  0.000886  0.039886   \n",
       "횡령배임        -0.075026 -0.060288 -0.152911 -0.059269 -0.030184  0.234353   \n",
       "신종채권        -0.088451 -0.103574 -0.164466 -0.104060 -0.140578  0.209821   \n",
       "\n",
       "              최대주주 변경    회계처리위반      횡령배임      신종채권  \n",
       "자기자본배당률     -0.010926  0.000025 -0.004019 -0.014904  \n",
       "금융비용 대 부채비율  0.161005  0.027280  0.072014  0.198657  \n",
       "자기자본배율      -0.005008 -0.002124 -0.001978 -0.006233  \n",
       "유동부채비율       0.007590  0.002342  0.006874  0.006394  \n",
       "매입채무회전률     -0.002632 -0.002130 -0.001310 -0.004811  \n",
       "유동자산회전률     -0.079709  0.001486 -0.028796 -0.101919  \n",
       "총자본투자효율     -0.121416 -0.027731 -0.075026 -0.088451  \n",
       "순운전자본비율     -0.081410 -0.039519 -0.060288 -0.103574  \n",
       "누적수익성비율     -0.203486 -0.067589 -0.152911 -0.164466  \n",
       "총자산영업이익률    -0.122579 -0.026376 -0.059269 -0.104060  \n",
       "총자산회전율      -0.099203  0.000886 -0.030184 -0.140578  \n",
       "대표이사 변경      0.422429  0.039886  0.234353  0.209821  \n",
       "최대주주 변경      1.000000  0.015554  0.184484  0.246020  \n",
       "회계처리위반       0.015554  1.000000  0.026035  0.020611  \n",
       "횡령배임         0.184484  0.026035  1.000000  0.077680  \n",
       "신종채권         0.246020  0.020611  0.077680  1.000000  "
      ]
     },
     "execution_count": 167,
     "metadata": {},
     "output_type": "execute_result"
    }
   ],
   "source": [
    "ajX.corr()"
   ]
  },
  {
   "cell_type": "code",
   "execution_count": 168,
   "metadata": {},
   "outputs": [],
   "source": [
    "ajX = dataset.drop(drop_feature, axis=1)\n",
    "X = ajX.drop(text_col, axis = 1)\n",
    "ajy = dataset['부도']\n",
    "y = dataset['부도']"
   ]
  },
  {
   "cell_type": "code",
   "execution_count": 169,
   "metadata": {},
   "outputs": [],
   "source": [
    "X, y = RandomUnderSampler(random_state=0).fit_resample(X, y)\n",
    "\n",
    "ajX , ajy = RandomUnderSampler(random_state=0).fit_resample(ajX , ajy)"
   ]
  },
  {
   "cell_type": "code",
   "execution_count": 170,
   "metadata": {},
   "outputs": [],
   "source": [
    "def modeling(model):    \n",
    "    model.fit(X_train, y_train)\n",
    "    pred = model.predict_proba(X_test)\n",
    "    pred = (pred[:,0] < 0.1)*1         # 부도기업일 확률이 10% 이상이면 부도로 판단해라.\n",
    "    return pred"
   ]
  },
  {
   "cell_type": "markdown",
   "metadata": {},
   "source": [
    "# **재무데이터 + 비재무데이터**"
   ]
  },
  {
   "cell_type": "code",
   "execution_count": 171,
   "metadata": {},
   "outputs": [],
   "source": [
    "X_train, X_test, y_train, y_test = train_test_split(ajX, ajy, test_size=0.3, stratify=ajy, random_state = 46)"
   ]
  },
  {
   "cell_type": "code",
   "execution_count": 172,
   "metadata": {},
   "outputs": [],
   "source": [
    "dt_clf = modeling(DecisionTreeClassifier())\n",
    "rf_clf = modeling(RandomForestClassifier())\n",
    "ada_clf = modeling(AdaBoostClassifier())\n",
    "lg_clf = modeling(LogisticRegression())\n",
    "knn_clf = modeling(KNeighborsClassifier())\n",
    "svc_clf = modeling(SVC(probability=True))\n",
    "lgmb_clf = modeling(LGBMClassifier())"
   ]
  },
  {
   "cell_type": "code",
   "execution_count": 176,
   "metadata": {},
   "outputs": [
    {
     "data": {
      "text/plain": [
       "array([[112,   9],\n",
       "       [ 32,  89]], dtype=int64)"
      ]
     },
     "execution_count": 176,
     "metadata": {},
     "output_type": "execute_result"
    }
   ],
   "source": [
    "confusion_matrix(y_test, lgmb_clf)  # 59 62"
   ]
  },
  {
   "cell_type": "markdown",
   "metadata": {},
   "source": [
    "# **재무데이터only**"
   ]
  },
  {
   "cell_type": "code",
   "execution_count": 174,
   "metadata": {},
   "outputs": [],
   "source": [
    "X_train, X_test, y_train, y_test = train_test_split(X, y, test_size=0.3, stratify=y, random_state = 46)\n",
    "\n",
    "ajdt_clf = modeling(DecisionTreeClassifier())\n",
    "ajrf_clf = modeling(RandomForestClassifier())\n",
    "ajada_clf = modeling(AdaBoostClassifier())\n",
    "ajlg_clf = modeling(LogisticRegression())\n",
    "ajknn_clf = modeling(KNeighborsClassifier())\n",
    "ajsvc_clf = modeling(SVC(probability=True))\n",
    "ajlgmb_clf = modeling(LGBMClassifier())"
   ]
  },
  {
   "cell_type": "code",
   "execution_count": 177,
   "metadata": {},
   "outputs": [
    {
     "data": {
      "text/plain": [
       "array([[107,  14],\n",
       "       [ 37,  84]], dtype=int64)"
      ]
     },
     "execution_count": 177,
     "metadata": {},
     "output_type": "execute_result"
    }
   ],
   "source": [
    "confusion_matrix(y_test, ajlgmb_clf) # 42 79"
   ]
  },
  {
   "cell_type": "code",
   "execution_count": null,
   "metadata": {},
   "outputs": [],
   "source": []
  }
 ],
 "metadata": {
  "interpreter": {
   "hash": "71b59b5ba49ad06bb2a011e750699e3983d230921f30bf7f37eb3a01ae69aa26"
  },
  "kernelspec": {
   "display_name": "Python 3.9.6 64-bit",
   "language": "python",
   "name": "python3"
  },
  "language_info": {
   "codemirror_mode": {
    "name": "ipython",
    "version": 3
   },
   "file_extension": ".py",
   "mimetype": "text/x-python",
   "name": "python",
   "nbconvert_exporter": "python",
   "pygments_lexer": "ipython3",
   "version": "3.9.6"
  },
  "orig_nbformat": 4
 },
 "nbformat": 4,
 "nbformat_minor": 2
}
